/camera/color/image_raw
/rslidar_points
8.3292837847067647e-03 9.0817145069356231e-03 9.9992406986393145e-01 1.5118935739579048e-01
-9.9994403998181325e-01 6.5978671223763108e-03 8.2695256384816007e-03 -5.5336070520812545e-03
-6.5222646744714785e-03 -9.9993699332060426e-01 9.1361618016626567e-03 -1.6643923178486580e-01
0 0 0 1
6.1357460456358911e+02 0.000000e+00 3.2163058882462070e+02 0.000000e+00
0.000000e+00 6.1113169628631670e+02 2.3089327019320231e+02 0.000000e+00
0.000000e+00 0.000000e+00 1.000000e+00 0.000000e+00
8.3292837847067647e-03 9.0817145069356231e-03 9.9992406986393145e-01 1.5118935739579048e-01
-9.9994403998181325e-01 6.5978671223763108e-03 8.2695256384816007e-03 -5.5336070520812545e-03
-6.5222646744714785e-03 -9.9993699332060426e-01 9.1361618016626567e-03 -1.6643923178486580e-01
0 0 0 1
